cam0:
  T_cam_imu:
  - [-0.9999485504453433, -0.0023940793579481424, -0.00985722305126283, -0.0010145945802680356]
  - [-0.0024538295117869373, 0.9999786640696838, 0.006053934764712256, 0.00039526714564586926]
  - [0.009842519137984148, 0.006077811237292152, -0.9999330902753344, -0.056176980555225506]
  - [0.0, 0.0, 0.0, 1.0]
  cam_overlaps: []
  camera_model: pinhole
  distortion_coeffs: [-0.08905470757236078, 0.09964706092126333, -0.237200391952188, 0.19913316990563784]
  distortion_model: equidistant
  intrinsics: [249.30868162412247, 249.19232446043537, 171.59846039823438, 138.9509595096669]
  resolution: [346, 260]
  rostopic: /cam0/image_raw
  timeshift_cam_imu: 0.019081827388163747
